-2.6462881998
-2.6506443395
-2.6639448081
-2.6823007801
-2.7062926155
-2.7349239022
-2.7636694298
-2.7818021856
-2.7709068368
-2.7106639917
-2.5979007843
-2.4603366320
-2.3336567807
-2.2330275999
-2.1563231813
-2.0976434396
-2.0527717680
-2.0190373134
-1.9943344069
-1.9767268129
-1.9644631510
-1.9725411151
-1.9845214063
-2.0020523282
-2.0272068085
-2.0622961928
-2.1093474947
-2.1691496000
-2.2400674683
-2.3173497563
-2.3939061186
-2.4626810242
-2.5191594706
-2.5622464577
-2.5933774567
-2.6150582536
-2.6298099897
-2.6397058582
