-2.0241157802
-2.0664771008
-2.1062606372
-2.1439478592
-2.1798940642
-2.2143707287
-2.2475912466
-2.2797273926
-2.3109203046
-2.3412880723
-2.3709311431
-2.3999362797
-2.4283795303
-2.4563285126
-2.4838442134
-2.5109824421
-2.5377950405
-2.5643309194
-2.5906369814
-2.6167589760
-2.5906369814
-2.5643309194
-2.5377950405
-2.5109824421
-2.4838442134
-2.4563285126
-2.4283795303
-2.3999362797
-2.3709311431
-2.3412880723
-2.3109203046
-2.2797273926
-2.2475912466
-2.2143707287
-2.1798940642
-2.1439478592
-2.1062606372
-2.0664771008
