-0.16798960931215895
-0.5178005261771719
-0.714466991735524
-0.8690913554162962
-1.001375256175799
-1.1192983417225266
-1.2270370334742955
-1.327102132655223
-1.4211429747657307
-1.5103124548881937
-1.5954546203298636
-1.6772100674875867
-1.756079298921303
-1.8324628953197504
-1.9066881190457696
-1.979027189552771
-2.0497102469638984
-2.118934824366941
-2.1868729775958253
-2.253676832940536
-2.1868729775958253
-2.118934824366941
-2.0497102469638984
-1.979027189552771
-1.9066881190457696
-1.8324628953197504
-1.756079298921303
-1.6772100674875867
-1.5954546203298636
-1.5103124548881937
-1.4211429747657307
-1.327102132655223
-1.2270370334742955
-1.1192983417225266
-1.001375256175799
-0.8690913554162962
-0.714466991735524
-0.5178005261771719
